Elements
656 178 180 159
657 61 47 48
658 83 94 77
659 146 139 125
660 2 10 8
661 162 166 144
662 171 167 150
663 18 11 13
664 127 138 119
665 104 95 91
666 36 46 38
667 179 175 158
668 37 27 31
669 105 117 100
670 128 118 110
671 17 26 22
672 170 174 154
673 163 153 142
674 3 1 4
675 145 152 135
676 84 70 67
677 60 69 59
678 180 179 158
679 47 37 31
680 94 105 100
681 139 128 125
682 10 17 8
683 166 170 144
684 167 163 142
685 11 3 13
686 138 145 119
687 95 84 67
688 46 60 59
689 175 171 158
690 27 18 31
691 117 127 119
692 118 104 91
693 26 36 38
694 174 178 154
695 153 146 125
696 1 2 8
697 152 162 144
698 70 61 67
699 69 83 59
700 159 180 158
701 77 94 100
702 38 46 59
703 4 1 8
704 150 167 142
705 110 118 91
706 48 47 31
707 91 95 67
708 142 153 125
709 100 117 119
710 135 152 144
711 22 26 38
712 178 159 154
713 170 154 144
714 83 77 59
715 3 4 13
716 171 150 158
717 128 110 125
718 61 48 67
719 145 135 119
720 18 13 31
721 17 22 8
722 159 158 132
723 142 125 113
724 158 150 132
725 150 142 113
726 154 159 132
727 31 13 25
728 38 59 44
729 135 144 116
730 67 48 52
731 48 31 25
732 59 77 44
733 77 100 74
734 100 119 74
735 125 110 113
736 110 91 88
737 144 154 116
738 8 22 19
739 4 8 19
740 22 38 44
741 119 135 116
742 91 67 52
743 13 4 25
744 110 88 113
745 77 74 44
746 88 91 52
747 52 48 25
748 19 22 44
749 113 88 80
750 80 88 52
751 113 80 102
752 102 80 75
753 113 102 150
754 75 80 53
755 102 75 103
756 53 80 52
757 75 53 56
758 103 75 85
759 56 53 33
760 33 53 25
761 56 33 42
762 42 33 19
763 56 42 65
764 65 42 44
765 44 42 19
766 56 65 85
767 85 65 96
768 56 85 75
769 96 65 74
770 74 65 44
771 85 96 116
772 116 96 119
773 96 74 119
774 103 85 116
775 102 103 132
776 132 103 154
777 102 132 150
778 33 25 4
779 33 4 19
780 52 25 53
781 103 116 154
end elements
